# Episodio, Loss
0, 5.1058
1, 118.2308
2, 110.4047
3, 100.9723
4, 91.2786
5, 91.9093
6, 115.0109
7, 108.8297
8, 107.1881
9, 97.8592
10, 105.1302
11, 96.4760
12, 105.3932
13, 109.8405
14, 117.3516
15, 97.8373
16, 99.6052
17, 116.3342
18, 106.6584
19, 86.1499
20, 128.0086
21, 86.0063
22, 116.0150
23, 89.5585
24, 109.4108
25, 95.0587
26, 109.8446
27, 89.1026
28, 124.7135
29, 102.8072
30, 86.5806
31, 95.6736
32, 92.4401
33, 62.6607
34, 80.1603
35, 65.1485
36, 77.1419
37, 113.2856
38, 79.5457
39, 115.8944
40, 73.0618
41, 76.5059
42, 62.7855
43, 84.2740
44, 56.4073
45, 65.3670
46, 65.3579
47, 80.9301
48, 77.3902
49, 59.8954
50, 74.2686
51, 42.1743
52, 69.0901
53, 66.9950
54, 43.4972
55, 61.9956
56, 57.8575
57, 54.4882
58, 51.0220
59, 53.1525
60, 37.0653
61, 56.6279
62, 67.0255
63, 41.2998
64, 39.3827
65, 44.5485
66, 51.2615
67, 45.2925
68, 42.2326
69, 50.4200
70, 48.4506
71, 38.3973
72, 47.6891
73, 59.0041
74, 47.8427
75, 35.7109
76, 47.3787
77, 48.0583
78, 60.9758
79, 63.4058
80, 53.2535
81, 53.1016
82, 43.5414
83, 53.1169
84, 57.7111
85, 48.3254
86, 56.2192
87, 41.7230
88, 38.2452
89, 37.6082
90, 30.6564
91, 33.9252
92, 44.5958
93, 39.5799
94, 50.1590
95, 54.5790
96, 41.9689
97, 41.4571
98, 38.4390
99, 51.4431
100, 37.6561
101, 38.9043
102, 43.6296
103, 44.2195
104, 53.6420
105, 40.3102
106, 37.9810
107, 26.1946
108, 26.0215
109, 50.7319
110, 53.9788
111, 43.9081
112, 55.7813
113, 38.4609
114, 41.9757
115, 31.5367
116, 43.6411
117, 38.9811
118, 45.4650
119, 46.3461
120, 52.3667
121, 54.9604
122, 53.4509
123, 44.0792
124, 52.9114
125, 46.0590
126, 18.5377
127, 57.8220
128, 34.1403
129, 53.0329
130, 43.2914
131, 49.9556
132, 59.3486
133, 44.1427
134, 47.0819
135, 32.7764
136, 34.7270
137, 56.7120
138, 64.6384
139, 70.9867
140, 47.5618
141, 54.9236
142, 60.7945
143, 68.4141
144, 38.5826
145, 53.9078
146, 35.8244
147, 62.2380
148, 56.7825
149, 46.7519
150, 28.0148
151, 72.4682
152, 39.1910
153, 56.0523
154, 39.3106
155, 59.5999
156, 42.7261
157, 46.9904
158, 23.3301
159, 38.0733
160, 58.6510
161, 46.9430
162, 57.2827
163, 37.6481
164, 40.9806
165, 62.1442
166, 52.8060
167, 55.2248
168, 37.5078
169, 30.3704
170, 44.0597
171, 24.1438
172, 31.8524
173, 54.8415
174, 31.2007
175, 31.6802
176, 16.5001
177, 39.2699
178, 97.4740
179, 27.9071
180, 53.1695
181, 76.8125
182, 32.6843
183, 39.1382
184, 39.1504
185, 19.4643
186, 39.9965
187, 16.0790
188, 79.9256
189, 28.5408
190, 26.9461
191, 22.1518
192, 45.5327
193, 18.6164
194, 24.0320
195, 23.4737
196, 44.1703
197, 14.4153
198, 9.2275
199, 72.0531
200, 25.0939
201, 12.0900
202, 23.4550
203, 20.1145
204, 15.9223
205, 16.7143
206, 24.0466
207, 18.8918
208, 35.8895
209, 24.2137
210, 12.8996
211, 27.9711
212, 14.9768
213, 13.7554
214, 33.5374
215, 16.1952
216, 67.7342
217, 19.1740
218, 21.7357
219, 19.7685
220, 25.0559
221, 22.1971
222, 12.7059
223, 18.7263
224, 47.9048
225, 72.7238
226, 34.4936
227, 92.8439
228, 60.4103
229, 30.8400
230, 25.8653
231, 57.6348
232, 27.2519
233, 12.8288
234, 14.1278
235, 59.6801
236, 12.1481
237, 13.9003
238, 68.9281
239, 28.8268
240, 79.3855
241, 27.7846
242, 83.0677
243, 93.2335
244, 26.8627
245, 43.6007
246, 13.6797
247, 17.1967
248, 26.9088
249, 25.7422
250, 21.6376
251, 72.8951
252, 9.6142
253, 14.2872
254, 11.2331
255, 18.2372
256, 61.1363
257, 33.3716
258, 25.1412
259, 12.7327
260, 19.8207
261, 9.4665
262, 23.6688
263, 40.1136
264, 52.9764
265, 9.7227
266, 13.0148
267, 9.3485
268, 34.7292
269, 55.7281
270, 37.5771
271, 10.4654
272, 36.8443
273, 26.1476
274, 9.2491
275, 39.6223
276, 49.0832
277, 22.7564
278, 24.1481
279, 41.2117
280, 37.3449
281, 12.7210
282, 68.4247
283, 25.6346
284, 93.4332
285, 29.7319
286, 57.1708
287, 66.4403
288, 47.4222
289, 14.8154
290, 67.9753
291, 15.5714
292, 29.4238
293, 12.1441
294, 38.9097
295, 28.5350
296, 32.8005
297, 39.4594
298, 41.9067
299, 29.6929
300, 33.6616
301, 100.2129
302, 63.3060
303, 25.6923
304, 14.8075
305, 57.4195
306, 13.4102
307, 14.7030
308, 36.9987
309, 15.8624
310, 34.8493
311, 34.1159
312, 28.1055
313, 55.0417
314, 32.9240
315, 14.5757
316, 39.2534
317, 12.8051
318, 16.7407
319, 34.3035
320, 28.5652
321, 29.0009
322, 54.3017
323, 29.8263
324, 40.6366
325, 14.2201
326, 89.2818
327, 59.6254
328, 37.6950
329, 18.7016
330, 41.0836
331, 43.6490
332, 16.7831
333, 25.2409
334, 18.0420
335, 17.4324
336, 61.1827
337, 9.5202
338, 48.2824
339, 25.2751
340, 49.8223
341, 26.3454
342, 28.0025
343, 17.7468
344, 21.1347
345, 20.6978
346, 16.4964
347, 25.9109
348, 21.7403
349, 20.1378
350, 28.4942
351, 23.0022
352, 19.6999
353, 16.1475
354, 22.3299
355, 33.5534
356, 20.6660
357, 21.0256
358, 18.9509
359, 20.3473
360, 23.1099
361, 20.4284
362, 22.6513
363, 23.9285
364, 33.1518
365, 14.2291
366, 29.6475
367, 19.0114
368, 24.0057
369, 24.0012
370, 17.7805
371, 22.3069
372, 23.2721
373, 26.5197
374, 20.7166
375, 27.7392
376, 25.2409
377, 22.3300
378, 26.0671
379, 31.5511
380, 21.1078
381, 28.9133
382, 28.9759
383, 28.6043
384, 35.8166
385, 28.5091
386, 26.4172
387, 27.2072
388, 31.0621
389, 27.4799
390, 26.1042
391, 30.9394
392, 26.9582
393, 29.0392
394, 31.2155
395, 31.1871
396, 31.9610
397, 23.3152
398, 43.4014
399, 25.9586
400, 24.9485
401, 21.1419
402, 37.0770
403, 35.6331
404, 29.7570
405, 25.2347
406, 28.4836
407, 21.3363
408, 29.8607
409, 33.3332
410, 23.1040
411, 25.9884
412, 33.7235
413, 22.2326
414, 26.8413
415, 18.6132
416, 27.7574
417, 38.6021
418, 33.9866
419, 28.2531
420, 27.0948
421, 15.0937
422, 25.7957
423, 24.6978
424, 16.7150
425, 20.6783
426, 21.6872
427, 17.7694
428, 16.2373
429, 14.5526
430, 17.5081
431, 14.8189
432, 14.3424
433, 15.6125
434, 16.9913
435, 16.4800
436, 18.4250
437, 19.1707
438, 14.9594
439, 18.4242
440, 16.0835
441, 14.9308
442, 19.8160
443, 17.2198
444, 12.3921
445, 17.8382
446, 17.0859
447, 14.0572
448, 14.3333
449, 17.3357
450, 14.4848
451, 17.3628
452, 10.9436
453, 14.7944
454, 13.5085
455, 13.1645
456, 14.1729
457, 11.6387
458, 15.6157
459, 14.2404
460, 22.2424
461, 11.5144
462, 14.5951
463, 13.7378
464, 13.3163
465, 14.7042
466, 13.7153
467, 13.5468
468, 10.0791
469, 12.3617
470, 13.2352
471, 11.1677
472, 8.7222
473, 7.1172
474, 9.3569
475, 6.3995
476, 5.7887
477, 2.5379
478, 7.2738
479, 5.5801
480, 7.2920
481, 10.7737
482, 9.0566
483, 5.6029
484, 8.9731
485, 5.7069
486, 9.3314
487, 2.5589
488, 11.1964
489, 4.4864
490, 9.1122
491, 7.0907
492, 9.0327
493, 6.6557
494, 7.2655
495, 6.5856
496, 5.2264
497, 11.3159
498, 11.2379
499, 9.2417
500, 6.1824
501, 10.6819
502, 7.0556
503, 9.9898
504, 3.3150
505, 9.4835
506, 8.5670
507, 15.3379
508, 10.8389
509, 15.0486
510, 7.8886
511, 12.8252
512, 10.7373
513, 9.9326
514, 5.7107
515, 12.6626
516, 13.5320
517, 7.9676
518, 10.0953
519, 3.7550
520, 9.4713
521, 9.6453
522, 7.0739
523, 7.3851
524, 9.0687
525, 4.6440
526, 5.3453
527, 9.0426
528, 10.4981
529, 7.0840
530, 8.7469
531, 11.9995
532, 8.2512
533, 6.6311
534, 6.5956
535, 6.5788
536, 5.6249
537, 6.5754
538, 3.2096
539, 9.0915
540, 10.2643
541, 2.7042
542, 9.6853
543, 6.9648
544, 8.2732
545, 9.8307
546, 6.3217
547, 16.3584
548, 17.7832
549, 15.9346
550, 11.4205
551, 9.0156
552, 12.2148
553, 7.7817
554, 13.1588
555, 13.9193
556, 13.1216
557, 15.5043
558, 13.8301
559, 10.6530
560, 11.6354
561, 13.8132
562, 24.9822
563, 12.1488
564, 14.0805
565, 7.6189
566, 10.9974
567, 14.0689
568, 11.3705
569, 10.7959
570, 11.6547
571, 10.4807
572, 6.8285
573, 5.5283
574, 5.9809
575, 9.8277
576, 8.5701
577, 8.0708
578, 6.1087
579, 5.8240
580, 5.2924
581, 14.3324
582, 1.0323
583, 9.5732
584, 5.5357
585, 6.6860
586, 1.0563
587, 6.8800
588, 4.7363
589, 13.5265
590, 11.2704
591, 12.6623
592, 11.2236
593, 11.3821
594, 14.2856
595, 6.8527
596, 12.1335
597, 9.8480
598, 11.9903
599, 13.8619
600, 7.5057
601, 14.8296
602, 12.7370
603, 14.6132
604, 11.0188
605, 11.0943
606, 14.2415
607, 13.9087
608, 10.2341
609, 7.2160
610, 9.5700
611, 11.7007
612, 13.7452
613, 12.4747
614, 10.7237
615, 12.4300
616, 11.0951
617, 9.9221
618, 11.4385
619, 14.2274
620, 11.8829
621, 6.9493
622, 1.3192
623, 9.1624
624, 8.8114
625, 11.7383
626, 8.8872
627, 11.0837
628, 10.4884
629, 5.0599
630, 8.9056
631, 9.2460
632, 10.0869
633, 5.2238
634, 8.3250
635, 7.6338
636, 12.5275
637, 11.7827
638, 6.7157
639, 7.2261
640, 14.2941
641, 10.3287
642, 11.5741
643, 10.3960
644, 16.1502
645, 9.7334
646, 16.3659
647, 18.9307
648, 15.8963
649, 21.8490
650, 16.3244
651, 17.0649
652, 9.9849
653, 30.8824
654, 19.3838
655, 17.5330
656, 15.8305
657, 18.1812
658, 19.3416
659, 21.8305
660, 12.7408
661, 18.0571
662, 14.3583
663, 16.4893
664, 16.0169
665, 16.3411
666, 16.9842
667, 15.9017
668, 13.7824
669, 28.5421
670, 17.2690
671, 21.9782
672, 16.0230
673, 13.5475
674, 22.3779
675, 13.4769
676, 11.1203
677, 7.0389
678, 7.2111
679, 11.3145
680, 8.4251
681, 10.4004
682, 11.2688
683, 6.6948
684, 9.0154
685, 8.4068
686, 13.0242
687, 12.4828
688, 11.1558
689, 21.2609
690, 9.6691
691, 9.0207
692, 11.8228
693, 11.5220
694, 14.8435
695, 13.1354
696, 26.7931
697, 17.8257
698, 7.7816
699, 15.0581
700, 13.4214
701, 12.1025
702, 17.8109
703, 14.0142
704, 12.4491
705, 20.6862
706, 17.4588
707, 20.0128
708, 14.4115
709, 17.4217
710, 19.1081
711, 16.7260
712, 13.7338
713, 11.6444
714, 11.0602
715, 10.5195
716, 11.3476
717, 21.4004
718, 12.7368
719, 16.0538
720, 14.4085
721, 2.4227
722, 17.3631
723, 13.7819
724, 15.4155
725, 9.3724
726, 20.8100
727, 15.1477
728, 14.8916
729, 10.9078
730, 8.0140
731, 4.2869
732, 19.0246
733, 11.5032
734, 11.3190
735, 18.5362
736, 5.0810
737, 22.3765
738, 15.3066
739, 20.5989
740, 16.0897
741, 17.1910
742, 21.5570
743, 19.3181
744, 14.6943
745, 22.7557
746, 13.9283
747, 8.9288
748, 16.0688
749, 21.7375
750, 16.4749
751, 18.6777
752, 12.1741
753, 19.6341
754, 21.7963
755, 30.2193
756, 16.7973
757, 22.6832
758, 23.5501
759, 36.9747
760, 15.6250
761, 24.8061
762, 19.4543
763, 17.1159
764, 21.4189
765, 21.8085
766, 25.3200
767, 19.3237
768, 20.2714
769, 9.9827
770, 15.6239
771, 17.2958
772, 18.7700
773, 17.6044
774, 17.4166
775, 14.8767
776, 19.1203
777, 16.7968
778, 20.7465
779, 17.7333
780, 13.8721
781, 13.3316
782, 11.1930
783, 10.3171
784, 18.2060
785, 25.6865
786, 9.9447
787, 11.8726
788, 15.0491
789, 17.9075
790, 15.0500
791, 17.3411
792, 12.4479
793, 16.4526
794, 10.1454
795, 11.8508
796, 19.8883
797, 15.3035
798, 17.5551
799, 16.7746
800, 20.3281
801, 15.4074
802, 15.4262
803, 15.1688
804, 24.0181
805, 21.0008
806, 19.1614
807, 25.7086
808, 21.1913
809, 20.6943
810, 13.8816
811, 16.9125
812, 15.8478
813, 11.7350
814, 29.5617
815, 24.4977
816, 18.1105
817, 25.8547
818, 21.6555
819, 28.3605
820, 18.7896
821, 32.9447
822, 18.8320
823, 22.5050
824, 15.1001
825, 17.6561
826, 23.4741
827, 12.1689
828, 13.7336
829, 15.4995
830, 15.4679
831, 11.8030
832, 13.1798
833, 19.1498
834, 23.4584
835, 15.5630
836, 13.8282
837, 11.6278
838, 13.3555
839, 14.2731
840, 16.4746
841, 9.5383
842, 14.2304
843, 10.9076
844, 10.6990
845, 6.6176
846, 12.3302
847, 6.3525
848, 10.8851
849, 12.5649
850, 11.5541
851, 13.5948
852, 14.7455
853, 6.7283
854, 13.0601
855, 13.6251
856, 12.2742
857, 13.6167
858, 14.1231
859, 10.1394
860, 8.7842
861, 10.5915
862, 15.7745
863, 15.2591
864, 14.8142
865, 15.0362
866, 12.1720
867, 9.8129
868, 5.2673
869, 19.0208
870, 19.9434
871, 18.0984
872, 16.9645
873, 13.9181
874, 20.3175
875, 16.8958
876, 21.3287
877, 18.3254
878, 16.3123
879, 16.2040
880, 18.3269
881, 21.2967
882, 20.1509
883, 19.4271
884, 19.5248
885, 20.8139
886, 19.0768
887, 20.7790
888, 17.5492
889, 24.3920
890, 20.8466
891, 17.4618
892, 19.5629
893, 18.4118
894, 12.7430
895, 3.9666
896, 22.6766
897, 18.5949
898, 24.4389
899, 24.3184
900, 21.0193
901, 22.6716
902, 28.8857
903, 32.7705
904, 27.9077
905, 28.5354
906, 21.6255
907, 22.3978
908, 18.7998
909, 15.8715
910, 34.0559
911, 24.8988
912, 15.9813
913, 24.2247
914, 25.3163
915, 19.7510
916, 30.9298
917, 22.0188
918, 30.7271
919, 21.0713
920, 25.4590
921, 25.2698
922, 28.6124
923, 25.7478
924, 29.2664
925, 23.2078
926, 25.3800
927, 25.3600
928, 34.0615
929, 20.5600
930, 19.9894
931, 29.2410
932, 16.4312
933, 30.1037
934, 23.1923
935, 12.5524
936, 23.8616
937, 33.0047
938, 34.1519
939, 25.3666
940, 37.4163
941, 31.4347
942, 33.4251
943, 28.6248
944, 21.2241
945, 32.2552
946, 22.9172
947, 20.4140
948, 33.7410
949, 27.2697
950, 32.6255
951, 21.3277
952, 22.7010
953, 20.8898
954, 34.3112
955, 31.1844
956, 24.1373
957, 28.5470
958, 48.2902
959, 27.1303
960, 28.8866
961, 23.2334
962, 29.0330
963, 25.5164
964, 36.0373
965, 21.8016
966, 12.0920
967, 12.4797
968, 29.4310
969, 12.4544
970, 16.9608
971, 23.0461
972, 32.8006
973, 10.2471
974, 17.6079
975, 27.0922
976, 12.3144
977, 30.6131
978, 25.6595
979, 18.9706
980, 35.1570
981, 25.3251
982, 31.5477
983, 30.6168
984, 27.3283
985, 24.1535
986, 20.1550
987, 28.0186
988, 17.9848
989, 41.3513
990, 33.7861
991, 33.9436
992, 36.3128
993, 22.9400
994, 32.8444
995, 32.2151
996, 31.5943
997, 35.2551
998, 25.3088
999, 22.1582
1000, 39.3312
1001, 30.8597
1002, 24.0313
1003, 29.0252
1004, 25.6075
1005, 26.3614
1006, 30.9792
1007, 23.3883
1008, 48.1510
1009, 26.3500
1010, 22.8062
1011, 37.7817
1012, 44.5258
1013, 21.0870
1014, 22.3017
1015, 26.7872
1016, 36.4051
1017, 25.5477
1018, 32.0743
1019, 26.9590
1020, 26.1063
1021, 31.2254
1022, 29.0495
1023, 21.0817
1024, 21.0531
1025, 22.6970
1026, 31.8660
1027, 17.1861
1028, 18.8114
1029, 34.2127
1030, 32.9755
1031, 34.0678
1032, 32.3746
1033, 28.8648
1034, 25.5931
1035, 30.2420
1036, 25.6204
1037, 27.5432
1038, 22.7822
1039, 24.9841
1040, 26.8985
1041, 21.6877
1042, 17.4444
1043, 23.2543
1044, 32.1382
1045, 22.1142
1046, 21.1269
1047, 26.1052
1048, 21.6086
1049, 21.9473
1050, 22.6004
1051, 32.0075
1052, 32.4595
1053, 14.1830
1054, 37.5022
1055, 21.2180
1056, 26.2384
1057, 26.3958
1058, 32.6853
1059, 37.8964
1060, 25.9836
1061, 10.7254
1062, 24.1813
1063, 28.3416
1064, 24.4244
1065, 24.9821
1066, 27.3645
1067, 13.4836
1068, 24.9539
1069, 30.5078
1070, 18.3791
1071, 30.7687
1072, 14.9671
1073, 16.3892
1074, 22.3625
1075, 23.7365
1076, 15.6373
1077, 17.7907
1078, 28.5363
1079, 30.7285
1080, 44.1835
1081, 25.5519
1082, 19.8683
1083, 45.6652
1084, 28.7205
1085, 25.4096
1086, 30.8789
1087, 26.1733
1088, 40.7622
1089, 30.4947
1090, 27.2138
1091, 26.8967
1092, 27.8574
1093, 23.8842
1094, 36.2680
1095, 35.7417
1096, 30.5592
1097, 34.5522
1098, 21.4374
1099, 32.5739
1100, 30.6714
1101, 26.1347
1102, 21.8445
1103, 23.2548
1104, 22.3676
1105, 24.8391
1106, 25.9548
1107, 18.1309
1108, 22.1738
1109, 37.7300
1110, 33.7349
1111, 28.5292
1112, 36.7985
1113, 19.3677
1114, 14.7481
1115, 29.3624
1116, 45.3797
1117, 40.0498
1118, 23.9920
1119, 18.8858
1120, 27.9706
1121, 34.9385
1122, 34.4017
1123, 42.8633
1124, 25.9800
1125, 22.9675
1126, 46.6928
1127, 23.9853
1128, 25.9506
1129, 35.0196
1130, 32.9227
1131, 40.3346
1132, 33.5360
1133, 25.6708
1134, 39.2565
1135, 30.1127
1136, 22.6945
1137, 42.0263
1138, 35.4089
1139, 25.0947
1140, 25.0307
1141, 30.4662
1142, 38.4675
1143, 45.7752
1144, 44.3607
1145, 42.8445
1146, 58.7612
1147, 31.2041
1148, 31.1346
1149, 36.3470
1150, 36.2943
1151, 31.7510
1152, 33.8367
1153, 41.1761
1154, 43.7581
1155, 22.6114
1156, 49.6160
1157, 36.8758
1158, 42.9204
1159, 33.5407
1160, 35.2994
1161, 42.2665
1162, 26.5161
1163, 44.8628
1164, 36.0511
1165, 43.8848
1166, 48.3078
1167, 40.6023
1168, 43.1893
1169, 54.4712
1170, 56.5578
1171, 52.5209
1172, 40.0369
1173, 89.2079
1174, 65.6102
1175, 58.5666
1176, 38.7540
1177, 63.4360
1178, 79.1439
1179, 48.0777
1180, 36.5870
1181, 30.3763
1182, 37.0643
1183, 29.5599
1184, 44.7287
1185, 61.7679
1186, 39.8551
1187, 39.1670
1188, 30.6217
1189, 34.3427
1190, 25.1894
1191, 44.2946
1192, 31.3863
1193, 48.9005
1194, 30.8181
1195, 41.5407
1196, 21.4861
1197, 39.6462
1198, 46.7944
1199, 38.9912
1200, 56.6115
1201, 32.0683
1202, 49.3053
1203, 67.2073
1204, 42.2717
1205, 60.4402
1206, 39.5997
1207, 36.1353
1208, 48.5611
1209, 33.4646
1210, 38.2867
1211, 53.8708
1212, 61.0328
1213, 37.3401
1214, 49.4245
1215, 21.4980
1216, 43.1734
1217, 31.2848
1218, 46.5272
1219, 29.6308
1220, 43.5935
1221, 41.3361
1222, 40.9308
1223, 42.9361
1224, 40.6214
1225, 43.8561
1226, 34.0617
1227, 40.8845
1228, 41.3643
1229, 28.5744
1230, 36.5633
1231, 27.9591
1232, 27.5427
1233, 32.3594
1234, 28.6544
1235, 34.7457
1236, 24.3861
1237, 31.2276
1238, 42.2473
1239, 48.4149
1240, 32.2937
1241, 46.0734
1242, 39.8433
1243, 39.0671
1244, 30.2520
1245, 38.5150
1246, 36.2683
1247, 35.6589
1248, 41.6958
1249, 44.4708
1250, 55.2857
1251, 37.9869
1252, 34.7220
1253, 47.5396
1254, 35.8947
1255, 23.0517
1256, 37.7207
1257, 40.9531
1258, 33.6118
1259, 35.0713
1260, 22.4416
1261, 32.3158
1262, 35.1482
1263, 22.9557
1264, 23.7286
1265, 34.2580
1266, 33.3797
1267, 33.3216
1268, 36.3613
1269, 32.5858
1270, 51.1126
1271, 30.5500
1272, 43.5964
1273, 31.7586
1274, 39.5859
1275, 38.0899
1276, 30.7858
1277, 31.6412
1278, 31.3029
1279, 32.1124
1280, 26.8076
1281, 37.7260
1282, 27.9923
1283, 33.5720
1284, 35.7029
1285, 35.1488
1286, 33.6621
1287, 28.1737
1288, 23.4752
1289, 33.1302
1290, 36.8928
1291, 34.1617
1292, 25.7233
1293, 26.3327
1294, 32.5692
1295, 34.8117
1296, 40.4317
1297, 24.8921
1298, 42.5049
1299, 28.5452
1300, 34.1858
1301, 38.5178
1302, 33.1349
1303, 38.1758
1304, 26.0954
1305, 29.4718
1306, 40.7421
1307, 20.0621
1308, 37.0240
1309, 25.3232
1310, 32.3599
1311, 43.5482
1312, 25.6050
1313, 34.3046
1314, 24.9978
1315, 24.6174
1316, 26.6565
1317, 19.9668
1318, 36.0730
1319, 27.9152
1320, 21.8860
1321, 21.4616
1322, 21.7209
1323, 35.1064
1324, 14.3272
1325, 26.8979
1326, 37.2450
1327, 23.5218
1328, 32.7434
1329, 29.5341
1330, 28.8369
1331, 27.0887
1332, 19.7510
1333, 27.5599
1334, 27.6245
1335, 26.7238
1336, 26.7787
1337, 26.9061
1338, 29.7718
1339, 48.2660
1340, 31.5063
1341, 26.8864
1342, 33.7204
1343, 34.9427
1344, 22.7365
1345, 20.9516
1346, 31.3761
1347, 25.7585
1348, 20.3646
1349, 31.5558
1350, 27.8484
1351, 37.2716
1352, 33.8947
1353, 27.2363
1354, 20.3090
1355, 29.3516
1356, 30.5685
1357, 39.4301
1358, 28.8922
1359, 25.7156
1360, 30.3392
1361, 31.8450
1362, 31.4186
1363, 36.8790
1364, 30.4100
1365, 37.4417
1366, 32.9749
1367, 30.8442
1368, 29.0160
1369, 26.5079
1370, 28.0193
1371, 30.3231
1372, 29.3056
1373, 36.3619
1374, 24.5383
1375, 38.6904
1376, 23.4057
1377, 18.6257
1378, 35.6686
1379, 29.5025
1380, 37.0203
1381, 38.0868
1382, 42.0708
1383, 28.0782
1384, 40.9002
1385, 27.1434
1386, 28.7574
1387, 31.0109
1388, 29.8944
1389, 31.6095
1390, 44.0311
1391, 34.7152
1392, 38.1668
1393, 44.5182
1394, 43.6541
1395, 29.3829
1396, 20.3693
1397, 34.4895
1398, 38.8198
1399, 27.2291
1400, 23.5050
1401, 59.0697
1402, 17.4031
1403, 37.1283
1404, 38.8711
1405, 39.0442
1406, 29.5478
1407, 36.3970
1408, 35.6710
1409, 31.9736
1410, 54.0334
1411, 52.0519
1412, 32.4058
1413, 38.2507
1414, 35.9404
1415, 29.1623
1416, 35.4323
1417, 21.8515
1418, 23.7376
1419, 114.8966
1420, 164.3855
1421, 183.2593
1422, 36.9352
1423, 30.5594
1424, 21.6340
1425, 28.8608
1426, 37.8726
1427, 30.1057
1428, 151.1824
1429, 321.6525
1430, 355.7238
1431, 52.0603
1432, 39.2484
1433, 39.5497
1434, 45.8603
1435, 36.5688
1436, 108.2246
1437, 131.9510
1438, 160.3829
1439, 35.6607
1440, 20.7636
1441, 31.4255
1442, 42.7826
1443, 34.0523
1444, 32.7462
1445, 160.8519
1446, 137.6229
1447, 34.0374
1448, 42.2916
1449, 21.8658
1450, 43.0842
1451, 33.8481
1452, 38.3044
1453, 116.8113
1454, 38.6215
1455, 40.8246
1456, 37.9890
1457, 31.7031
1458, 34.7948
1459, 254.1507
1460, 42.5725
1461, 24.8787
1462, 143.0046
1463, 38.6545
1464, 58.0300
1465, 45.4689
1466, 45.7364
1467, 225.7792
1468, 72.5244
1469, 25.2290
1470, 38.1881
1471, 20.1914
1472, 32.5448
1473, 24.8168
1474, 29.1516
1475, 105.6136
1476, 33.1728
1477, 111.0315
1478, 37.4162
1479, 18.5001
1480, 29.4534
1481, 27.6699
1482, 37.0107
1483, 25.9626
1484, 23.3314
1485, 34.7986
1486, 43.2463
1487, 28.9941
1488, 19.5526
1489, 26.9450
1490, 27.3968
1491, 37.0471
1492, 29.7708
1493, 26.6784
1494, 31.1052
1495, 14.5236
1496, 29.1194
1497, 26.7902
1498, 22.1037
1499, 31.4006
1500, 20.0171
1501, 24.8289
1502, 35.2687
1503, 26.2525
1504, 29.5701
1505, 30.2533
1506, 36.4530
1507, 57.6377
1508, 32.7613
1509, 33.5948
1510, 40.0319
1511, 29.3769
1512, 36.3179
1513, 38.8768
1514, 35.7404
1515, 33.1204
1516, 33.7087
1517, 33.3700
1518, 32.6690
1519, 45.5608
1520, 32.5802
1521, 43.0316
1522, 24.8959
1523, 30.0133
1524, 30.9174
1525, 26.6370
1526, 22.0169
1527, 13.6583
1528, 31.3814
1529, 27.3280
1530, 49.6991
1531, 60.7778
1532, 30.0752
1533, 23.6649
1534, 28.6406
1535, 28.7415
1536, 58.5685
1537, 42.5320
1538, 19.7313
1539, 25.0974
1540, 40.9543
1541, 30.5686
1542, 49.4514
1543, 34.3027
1544, 32.2769
1545, 41.6193
1546, 24.9662
1547, 33.8214
1548, 32.1690
1549, 49.6126
1550, 44.1212
1551, 38.3845
1552, 29.9407
1553, 44.9490
1554, 39.1415
1555, 39.7082
1556, 37.3911
1557, 37.2851
1558, 41.0010
1559, 40.2177
1560, 32.8927
1561, 42.9059
1562, 18.5317
1563, 29.8548
1564, 25.6060
1565, 46.7132
1566, 50.2600
1567, 28.3236
1568, 28.0678
1569, 33.2336
1570, 26.3143
1571, 35.6968
1572, 32.1698
1573, 29.0903
1574, 41.3126
1575, 39.2045
1576, 28.9859
1577, 32.6456
1578, 26.5232
1579, 38.4483
1580, 32.7715
1581, 28.6108
1582, 26.5635
1583, 29.0647
1584, 31.7216
1585, 25.6426
1586, 32.7511
1587, 31.4130
1588, 35.0873
1589, 31.1809
1590, 37.8268
1591, 24.0601
1592, 22.7618
1593, 33.8931
1594, 30.6206
1595, 32.0488
1596, 33.5956
1597, 47.3561
1598, 27.3348
1599, 42.1607
