# Episodio, Score
0, -85.85
1, -189.66
2, -434.02
3, -115.48
4, -294.39
5, -121.91
6, -102.03
7, -79.50
8, -98.21
9, -193.04
10, -318.42
11, -191.20
12, -140.51
13, -132.76
14, -291.62
15, -129.97
16, -121.82
17, -407.41
18, -127.10
19, -145.75
20, -403.84
21, -474.76
22, -222.67
23, 20.28
24, -123.95
25, -140.84
26, -219.75
27, -230.03
28, -83.64
29, -41.43
30, -86.95
31, -400.06
32, -192.81
33, -222.19
34, -110.02
35, -80.35
36, -493.16
37, -75.26
38, -170.70
39, -110.21
40, -268.05
41, -74.60
42, -167.22
43, -106.01
44, -105.82
45, -98.59
46, -120.31
47, -216.67
48, -126.00
49, -404.53
50, -43.44
51, -89.38
52, -80.76
53, -111.18
54, -98.29
55, -261.60
56, -246.40
57, -203.60
58, -299.81
59, -155.52
60, -126.66
61, -81.18
62, -223.93
63, -98.80
64, -65.52
65, -92.78
66, -245.53
67, -188.15
68, -124.19
69, -203.74
70, -82.22
71, -102.28
72, -98.05
73, -28.22
74, -76.12
75, -174.37
76, -69.33
77, -439.42
78, -69.49
79, -411.61
80, -83.48
81, -128.07
82, -60.91
83, -171.50
84, -55.23
85, -98.08
86, -253.14
87, -110.37
88, -104.65
89, -73.13
90, -98.53
91, -126.00
92, -87.01
93, -121.18
94, -47.34
95, -85.31
96, -32.66
97, -102.90
98, -61.29
99, -205.69
100, -109.25
101, -299.46
102, -102.53
103, -59.99
104, -97.94
105, -174.60
106, -123.61
107, -83.74
108, -43.39
109, -142.37
110, -110.73
111, -73.62
112, -85.09
113, -109.13
114, -114.92
115, -197.24
116, -1.07
117, -336.47
118, -104.10
119, -51.18
120, -26.93
121, -63.21
122, -65.47
123, -73.97
124, -143.29
125, -101.31
126, -93.23
127, -160.73
128, -112.88
129, -165.80
130, -73.91
131, -118.92
132, -65.91
133, -144.28
134, -48.48
135, -97.65
136, -92.76
137, -54.37
138, 43.91
139, -101.47
140, -184.01
141, -191.12
142, -111.39
143, -176.13
144, -63.26
145, -64.32
146, -39.45
147, -80.03
148, -100.64
149, -83.30
150, -208.77
151, 6.12
152, -95.38
153, -84.74
154, -50.64
155, -20.41
156, -82.79
157, -117.75
158, -28.92
159, -28.12
160, -168.07
161, -41.68
162, -111.38
163, -113.39
164, -87.69
165, -286.30
166, -205.97
167, -79.72
168, -26.86
169, -33.13
170, -52.68
171, -48.06
172, -44.53
173, -88.67
174, -102.88
175, -83.72
176, -33.27
177, -97.16
178, -63.67
179, -21.51
180, -47.05
181, -81.50
182, -87.77
183, -64.35
184, -75.29
185, -45.54
186, -42.07
187, -132.26
188, -37.98
189, -108.17
190, -47.32
191, 8.33
192, -39.71
193, -109.12
194, -32.81
195, -21.47
196, -41.02
197, -47.83
198, -288.51
199, -76.90
200, -58.76
201, -70.39
202, -38.32
203, -65.23
204, -60.17
205, -108.88
206, -82.51
207, -78.28
208, -81.82
209, -21.39
210, -71.47
211, -89.73
212, -126.58
213, -102.51
214, -77.61
215, -17.38
216, -64.54
217, -14.06
218, -44.89
219, -80.23
220, -51.60
221, -49.56
222, -69.60
223, -95.34
224, -113.91
225, -62.73
226, -49.94
227, 2.62
228, -35.32
229, -37.24
230, -33.46
231, -99.99
232, -92.90
233, -65.63
234, -48.10
235, -4.78
236, -62.02
237, -32.50
238, -61.13
239, -48.58
240, -36.38
241, -73.55
242, 2.29
243, -48.46
244, -43.67
245, -45.60
246, -57.10
247, -57.08
248, -51.55
249, -66.31
250, -38.12
251, -55.35
252, -67.08
253, -28.89
254, -94.06
255, -72.33
256, -124.69
257, 6.01
258, -5.79
259, -69.81
260, -43.49
261, -117.13
262, -107.72
263, -26.80
264, -97.76
265, -18.43
266, -62.05
267, -58.18
268, -73.76
269, -15.41
270, -97.18
271, -4.54
272, -38.77
273, -0.99
274, -9.17
275, -93.67
276, -59.98
277, -122.33
278, -1.83
279, -9.41
280, -292.65
281, 24.42
282, 0.68
283, -5.56
284, -74.79
285, 10.11
286, -55.13
287, -35.70
288, -6.99
289, -94.16
290, -61.08
291, -56.22
292, -113.45
293, -74.44
294, -45.78
295, -88.87
296, -25.28
297, 17.72
298, -43.86
299, -33.68
300, -101.11
301, -64.75
302, -209.27
303, -85.34
304, 23.06
305, -10.13
306, -51.85
307, -25.84
308, -208.55
309, -11.40
310, -107.12
311, -40.59
312, -24.07
313, -69.44
314, -80.28
315, -4.77
316, -23.30
317, -0.39
318, -243.99
319, -201.06
320, -108.09
321, 16.87
322, -108.89
323, -13.25
324, -5.13
325, -69.57
326, -126.57
327, -69.52
328, -19.65
329, -39.43
330, -47.36
331, -52.97
332, -86.23
333, -9.08
334, -96.89
335, -2.48
336, -43.36
337, -202.86
338, -178.73
339, -148.69
340, -6.06
341, -201.04
342, -81.42
343, -27.95
344, -3.03
345, -120.40
346, -88.09
347, -5.42
348, -7.55
349, -65.97
350, -48.38
351, -127.53
352, -22.14
353, -15.55
354, -84.35
355, -169.24
356, 3.49
357, -70.82
358, -45.44
359, -11.30
360, -4.73
361, -197.77
362, -82.43
363, -59.76
364, 36.39
365, -74.08
366, -55.23
367, -30.39
368, -84.96
369, -61.72
370, -61.71
371, -81.09
372, -152.23
373, 4.48
374, -39.20
375, -168.22
376, -170.63
377, 10.52
378, -98.67
379, -0.73
380, 14.29
381, -57.55
382, -24.46
383, -24.29
384, -33.71
385, -52.99
386, 3.84
387, -237.40
388, -122.02
389, -81.90
390, -35.80
391, -50.53
392, -58.88
393, 7.22
394, -2.21
395, -21.38
396, -15.86
397, -46.70
398, -30.00
399, -306.57
400, -49.01
401, -49.52
402, -106.05
403, -64.81
404, -13.40
405, -3.24
406, -232.59
407, -27.63
408, 30.38
409, -40.75
410, -166.42
411, -11.66
412, -43.71
413, -12.06
414, -74.81
415, -60.51
416, -25.97
417, 23.82
418, 7.29
419, -20.85
420, -23.43
421, -61.28
422, 5.91
423, 3.64
424, -27.96
425, -15.64
426, -4.69
427, 22.35
428, 122.24
429, -12.00
430, 7.22
431, -64.68
432, 18.81
433, -31.13
434, 0.57
435, -45.40
436, 27.75
437, 25.24
438, 28.98
439, 26.63
440, -57.71
441, 4.74
442, -53.04
443, -94.63
444, -8.20
445, -33.97
446, 58.47
447, 35.08
448, 1.43
449, 56.00
450, -21.74
451, -6.80
452, -23.29
453, 6.82
454, 22.07
455, -19.80
456, -55.82
457, -43.29
458, -48.35
459, -42.19
460, -21.65
461, 37.40
462, -18.61
463, 1.07
464, 40.75
465, -38.65
466, -13.19
467, -5.99
468, 28.79
469, -95.72
470, 82.24
471, 11.95
472, 40.40
473, 3.51
474, 53.32
475, 6.84
476, 65.37
477, 124.81
478, -3.82
479, -25.44
480, 16.79
481, 16.07
482, -18.40
483, -72.43
484, 20.15
485, 89.31
486, -8.11
487, -8.34
488, 43.36
489, 1.23
490, 8.40
491, -75.59
492, -3.24
493, 37.74
494, 130.47
495, -7.83
496, -72.61
497, 88.29
498, 2.33
499, 9.99
500, 28.49
501, -14.21
502, 63.89
503, 30.69
504, 65.07
505, 22.10
506, 100.63
507, 74.08
508, -37.90
509, 124.15
510, 0.24
511, 93.05
512, -21.42
513, 62.18
514, -56.68
515, -27.13
516, 28.39
517, 144.01
518, -14.09
519, -45.67
520, 61.46
521, -17.62
522, 57.26
523, 2.79
524, -26.98
525, 89.34
526, 81.26
527, -69.77
528, 53.72
529, 45.83
530, 106.88
531, 252.62
532, -0.21
533, 66.17
534, -6.30
535, 61.91
536, -32.58
537, 76.01
538, 44.38
539, 5.40
540, 111.50
541, 79.69
542, -28.19
543, -70.91
544, -68.39
545, 11.37
546, 44.50
547, -126.79
548, 67.96
549, 94.69
550, 47.43
551, 33.95
552, 81.58
553, 71.68
554, 31.46
555, 83.08
556, -1.37
557, 97.68
558, -147.89
559, -60.06
560, 67.49
561, 35.42
562, 55.25
563, 111.58
564, 110.74
565, -18.62
566, 107.84
567, 80.45
568, 81.25
569, 33.30
570, 52.22
571, 65.05
572, 25.32
573, 24.20
574, 38.44
575, 5.98
576, 23.11
577, 213.68
578, 13.80
579, 110.58
580, 6.53
581, 228.28
582, 73.17
583, -33.79
584, 12.19
585, -28.18
586, 224.94
587, 82.27
588, -36.98
589, -37.92
590, -27.57
591, 50.09
592, 117.26
593, -31.87
594, 71.93
595, 8.45
596, -5.27
597, -32.99
598, 43.54
599, 23.48
600, 60.36
601, -5.85
602, 51.20
603, 68.51
604, -33.54
605, 147.73
606, 47.24
607, 31.08
608, 7.89
609, 90.49
610, 63.16
611, -14.01
612, 237.66
613, 36.50
614, -86.00
615, 23.70
616, -8.27
617, -17.58
618, 106.48
619, -23.65
620, 65.06
621, 37.67
622, 121.92
623, 86.09
624, 7.84
625, -43.44
626, 241.94
627, 16.24
628, -8.55
629, -60.08
630, 18.18
631, -44.01
632, 14.38
633, 194.41
634, 81.50
635, 124.29
636, -15.94
637, -56.57
638, 277.38
639, 219.06
640, 99.89
641, -12.29
642, 86.77
643, -13.34
644, -9.28
645, 124.42
646, 10.65
647, 111.64
648, 209.20
649, 93.83
650, -44.08
651, 84.37
652, 210.69
653, 76.97
654, 55.75
655, 51.82
656, 201.89
657, -28.24
658, -221.83
659, 250.47
660, -5.06
661, -59.09
662, 266.78
663, 117.03
664, 100.19
665, 95.91
666, -31.43
667, -10.81
668, 141.59
669, 86.59
670, -17.94
671, 5.26
672, 217.61
673, 86.40
674, -106.47
675, 29.46
676, 118.51
677, -38.81
678, 174.76
679, -29.22
680, 207.37
681, 234.75
682, 192.06
683, -23.50
684, 219.60
685, 2.34
686, 11.11
687, 3.49
688, 113.84
689, 98.71
690, 231.28
691, 221.70
692, 65.75
693, 218.70
694, -19.09
695, 225.28
696, 193.94
697, 219.98
698, -4.64
699, 13.67
700, 242.68
701, 100.70
702, 6.40
703, 10.91
704, 220.46
705, 234.32
706, 85.85
707, 70.35
708, 62.50
709, 244.32
710, 121.47
711, 118.95
712, 20.01
713, 247.89
714, 188.83
715, 95.49
716, 225.46
717, 14.55
718, 251.50
719, 77.27
720, -28.22
721, 138.91
722, 240.63
723, 225.12
724, 190.78
725, 50.47
726, 89.57
727, -141.19
728, -5.57
729, 36.15
730, 249.04
731, 222.49
732, 103.43
733, 250.49
734, 136.57
735, 210.37
736, 218.04
737, 156.30
738, 224.75
739, -49.71
740, 216.49
741, -21.31
742, 114.80
743, -61.10
744, 108.62
745, 27.78
746, 241.00
747, 238.33
748, -39.16
749, 221.13
750, 92.12
751, -63.93
752, 106.75
753, -54.11
754, 95.09
755, 99.53
756, 129.26
757, 257.25
758, 129.70
759, 207.84
760, -4.98
761, 232.82
762, 233.15
763, 211.10
764, 149.10
765, 271.78
766, 21.68
767, 143.37
768, 68.70
769, 169.50
770, 244.98
771, 243.65
772, 214.06
773, 250.57
774, 211.24
775, 49.53
776, 267.21
777, 233.32
778, -26.71
779, 102.53
780, 254.89
781, 194.78
782, 136.05
783, 242.38
784, 214.27
785, 276.83
786, 189.80
787, 221.42
788, 236.22
789, -13.71
790, 234.96
791, 262.75
792, 237.99
793, 94.58
794, 84.14
795, 38.73
796, -258.60
797, -13.05
798, 24.87
799, 238.60
800, 271.62
801, -17.41
802, 137.75
803, 41.33
804, 253.42
805, 8.13
806, 245.39
807, 9.50
808, 31.58
809, 212.63
810, 168.11
811, 232.56
812, 227.93
813, 259.41
814, 79.97
815, -6.15
816, -6.56
817, 213.48
818, 37.93
819, 3.83
820, 31.52
821, 267.80
822, -497.59
823, 35.63
824, 16.20
825, 133.08
826, 28.25
827, 51.66
828, 252.92
829, -590.27
830, 224.29
831, 35.88
832, 244.13
833, 248.23
834, 248.64
835, 38.75
836, -3.70
837, 28.39
838, 256.80
839, 32.04
840, 136.12
841, 51.74
842, 258.78
843, 243.57
844, 260.47
845, 57.36
846, 22.48
847, 45.01
848, 7.93
849, 256.70
850, 240.86
851, 223.88
852, -435.34
853, 174.60
854, 43.39
855, 237.62
856, 277.49
857, -6.79
858, 51.86
859, 259.87
860, 246.53
861, -510.36
862, 259.03
863, 257.90
864, -380.15
865, 210.91
866, -14.59
867, 121.41
868, -6.41
869, 243.26
870, 242.56
871, -43.45
872, 267.49
873, 31.65
874, 221.47
875, 20.58
876, -49.42
877, 35.55
878, 258.05
879, 266.59
880, 215.75
881, 254.26
882, 263.92
883, 245.05
884, 252.66
885, 13.54
886, 7.05
887, 57.65
888, 255.97
889, 151.61
890, 216.10
891, 229.77
892, 282.95
893, 280.16
894, 245.22
895, -8.68
896, 154.96
897, 232.55
898, 35.67
899, 220.33
900, 233.57
901, 232.56
902, 245.75
903, 27.97
904, 256.05
905, 219.20
906, 215.01
907, 179.88
908, 234.62
909, 272.59
910, 31.17
911, 240.45
912, 285.93
913, 272.55
914, -29.72
915, -9.08
916, 234.61
917, 245.47
918, 178.34
919, 251.79
920, 279.65
921, 280.70
922, 265.04
923, 274.00
924, 234.69
925, 209.42
926, 206.45
927, 202.82
928, -19.81
929, 264.76
930, 31.45
931, 225.83
932, 275.46
933, 224.10
934, 236.19
935, 161.22
936, 246.16
937, 267.60
938, 253.23
939, 273.95
940, 250.01
941, 209.28
942, 240.43
943, 198.28
944, 101.47
945, 263.25
946, 85.22
947, 211.27
948, 18.18
949, 144.80
950, 208.74
951, 47.05
952, 213.98
953, 35.90
954, 240.14
955, 242.95
956, 250.92
957, 50.74
958, 25.49
959, -3.36
960, 239.09
961, 266.33
962, -104.59
963, 255.04
964, 253.93
965, 236.06
966, 256.48
967, 45.30
968, 242.74
969, 236.75
970, 39.32
971, 267.29
972, -0.68
973, 162.13
974, 215.17
975, -3.97
976, 19.42
977, 9.23
978, 241.08
979, 37.87
980, 62.24
981, 240.15
982, 246.27
983, 18.49
984, 282.11
985, 226.59
986, 263.42
987, 28.68
988, 64.46
989, 31.09
990, -267.87
991, 15.36
992, 229.48
993, 40.27
994, 43.10
995, 22.00
996, 271.42
997, 6.83
998, 248.27
999, 227.09
1000, 63.80
1001, 51.54
1002, 16.57
1003, 11.74
1004, 238.16
1005, 252.43
1006, 236.94
1007, 8.38
1008, 244.49
1009, 10.53
1010, 58.85
1011, 26.51
1012, 89.07
1013, 247.65
1014, 53.64
1015, 233.63
1016, 249.97
1017, -67.60
1018, 197.83
1019, 213.59
1020, 14.00
1021, 79.80
1022, -11.00
1023, 58.15
1024, 215.23
1025, 22.53
1026, 10.37
1027, 76.34
1028, 17.00
1029, 183.57
1030, 269.29
1031, 212.69
1032, 40.51
1033, -312.83
1034, 254.71
1035, 248.78
1036, 47.65
1037, 234.40
1038, 31.04
1039, 251.55
1040, 290.56
1041, -9.78
1042, 232.73
1043, 201.18
1044, 168.92
1045, 249.39
1046, 25.92
1047, 46.27
1048, 220.79
1049, 233.20
1050, 220.98
1051, -12.23
1052, 274.23
1053, 163.40
1054, 90.74
1055, 25.78
1056, 134.17
1057, 202.91
1058, 270.89
1059, -3.98
1060, -7.85
1061, 240.91
1062, 244.23
1063, 237.85
1064, 212.21
1065, 215.45
1066, 275.52
1067, 255.38
1068, 238.01
1069, 128.45
1070, 33.08
1071, -58.11
1072, 248.86
1073, 248.32
1074, 65.16
1075, 255.67
1076, 15.93
1077, 237.78
1078, 189.79
1079, 15.62
1080, 244.44
1081, 20.17
1082, 14.62
1083, 251.52
1084, 242.65
1085, 50.47
1086, 44.71
1087, 33.97
1088, -5.61
1089, 253.94
1090, 192.83
1091, 197.52
1092, -32.79
1093, 47.33
1094, -5.81
1095, -9.57
1096, 11.87
1097, 282.76
1098, 237.88
1099, -18.21
1100, 243.68
1101, 172.35
1102, 47.23
1103, 280.42
1104, 14.63
1105, 273.19
1106, 240.45
1107, 248.78
1108, 253.17
1109, -6.62
1110, 274.42
1111, 242.01
1112, 227.19
1113, -4.35
1114, 43.81
1115, 275.67
1116, 220.99
1117, -21.93
1118, -131.38
1119, 4.50
1120, 6.22
1121, -21.30
1122, 260.20
1123, -13.64
1124, 63.28
1125, 219.39
1126, 19.22
1127, 13.58
1128, 258.61
1129, 202.91
1130, -22.32
1131, 207.88
1132, 25.24
1133, -18.81
1134, -18.96
1135, 20.01
1136, -242.41
1137, -18.00
1138, 248.79
1139, 31.63
1140, 178.21
1141, 267.27
1142, 9.09
1143, 246.53
1144, 225.28
1145, 261.78
1146, 274.92
1147, 271.98
1148, 286.79
1149, 274.91
1150, 260.11
1151, 238.63
1152, 290.34
1153, 250.90
1154, -4.23
1155, 24.59
1156, 267.39
1157, -36.25
1158, 221.21
1159, 262.06
1160, 40.90
1161, 259.42
1162, 254.13
1163, 280.80
1164, 266.35
1165, 186.93
1166, 246.47
1167, 207.95
1168, 32.58
1169, 274.75
1170, 27.71
1171, -28.52
1172, 261.19
1173, 15.75
1174, 11.72
1175, -14.87
1176, 282.10
1177, 234.10
1178, 202.17
1179, 248.87
1180, 261.15
1181, 237.31
1182, 11.26
1183, 238.91
1184, 270.89
1185, 270.00
1186, 163.40
1187, 19.12
1188, 67.33
1189, 14.89
1190, 273.83
1191, 207.45
1192, 248.97
1193, 266.76
1194, 272.39
1195, 33.34
1196, 266.49
1197, 267.60
1198, 261.02
1199, -3.12
1200, 32.69
1201, -207.27
1202, -14.64
1203, 253.57
1204, 20.53
1205, 244.28
1206, 242.12
1207, 258.44
1208, 14.71
1209, 264.54
1210, 268.42
1211, 274.75
1212, 238.33
1213, 259.86
1214, 250.57
1215, 299.13
1216, 264.74
1217, 238.28
1218, 46.58
1219, 285.41
1220, 270.56
1221, 263.40
1222, 231.65
1223, 50.90
1224, 260.63
1225, 263.10
1226, 270.62
1227, 256.44
1228, 264.04
1229, 262.09
1230, 57.95
1231, 283.15
1232, 277.68
1233, 234.43
1234, 249.49
1235, 276.94
1236, 259.76
1237, 269.97
1238, 225.22
1239, -289.60
1240, 264.14
1241, 280.82
1242, 273.57
1243, 24.65
1244, 289.14
1245, 296.36
1246, 278.76
1247, 255.59
1248, 274.55
1249, 240.74
1250, 246.16
1251, 276.92
1252, 278.11
1253, 256.58
1254, 287.70
1255, 242.79
1256, 236.33
1257, 251.90
1258, 270.91
1259, 288.24
1260, 257.92
1261, 255.49
1262, 165.20
1263, 272.84
1264, 266.23
1265, 108.75
1266, 242.67
1267, -5.37
1268, 242.72
1269, 241.15
1270, 242.66
1271, 39.18
1272, 185.72
1273, 285.68
1274, 242.46
1275, 231.30
1276, 286.84
1277, 41.16
1278, 238.07
1279, 203.66
1280, 37.56
1281, 277.73
1282, 251.19
1283, 249.56
1284, 274.80
1285, 268.76
1286, 258.44
1287, 254.65
1288, 252.55
1289, 291.63
1290, 241.49
1291, 270.46
1292, 274.27
1293, -4.52
1294, 284.82
1295, 290.14
1296, 269.58
1297, 162.34
1298, 240.43
1299, 249.20
1300, 255.67
1301, 275.59
1302, 257.79
1303, 275.87
1304, 255.06
1305, 169.04
1306, 279.81
1307, 191.31
1308, 207.66
1309, 279.36
1310, 258.52
1311, 280.04
1312, 44.55
1313, 72.82
1314, 262.54
1315, 255.20
1316, 262.96
1317, 286.48
1318, 285.30
1319, 277.42
1320, 267.64
1321, 275.23
1322, 19.50
1323, 253.16
1324, 256.27
1325, 273.54
1326, 255.88
1327, 261.93
1328, 264.89
1329, 263.71
1330, 251.62
1331, 23.50
1332, 276.73
1333, 272.38
1334, 298.35
1335, 251.18
1336, 45.39
1337, 285.19
1338, 254.36
1339, 251.04
1340, 295.95
1341, -160.11
1342, 275.24
1343, 277.39
1344, 290.49
1345, 261.89
1346, 260.07
1347, 279.93
1348, 268.81
1349, 289.81
1350, 262.27
1351, 253.53
1352, 284.72
1353, 263.85
1354, 272.82
1355, 275.01
1356, 261.29
1357, 271.54
1358, 292.46
1359, 268.53
1360, 47.69
1361, 261.62
1362, 267.74
1363, 257.45
1364, 300.69
1365, 220.52
1366, 266.10
1367, 261.82
1368, 265.68
1369, 278.27
1370, 270.81
1371, 272.37
1372, 42.98
1373, 55.90
1374, 286.52
1375, 254.97
1376, 255.89
1377, -2.06
1378, 246.43
1379, 296.84
1380, 273.43
1381, 278.82
1382, 269.39
1383, 285.12
1384, 35.29
1385, 290.80
1386, 258.60
1387, 265.15
1388, 230.26
1389, 48.86
1390, 203.58
1391, 214.91
1392, 235.74
1393, 256.93
1394, 281.50
1395, 240.38
1396, 276.59
1397, 51.64
1398, 273.77
1399, 282.71
1400, 274.22
1401, 243.17
1402, 29.70
1403, 35.85
1404, 226.03
1405, 282.02
1406, 285.93
1407, 262.32
1408, 98.25
1409, 252.37
1410, 53.75
1411, 269.33
1412, 274.19
1413, 269.25
1414, 287.65
1415, 241.54
1416, 252.73
1417, 236.27
1418, 277.77
1419, 45.13
1420, 258.89
1421, 261.89
1422, 244.78
1423, -9.53
1424, 256.39
1425, 51.51
1426, 291.15
1427, 267.65
1428, 256.40
1429, 46.02
1430, 279.90
1431, 291.60
1432, 259.32
1433, 49.06
1434, 267.80
1435, 258.70
1436, 214.25
1437, 263.91
1438, 276.89
1439, 280.40
1440, 273.16
1441, 289.72
1442, 276.87
1443, 39.47
1444, 257.36
1445, 50.91
1446, 244.22
1447, 281.14
1448, 281.83
1449, 260.96
1450, 41.33
1451, 270.46
1452, 296.70
1453, 222.73
1454, 268.15
1455, 9.02
1456, 262.72
1457, 238.13
1458, 276.99
1459, 45.37
1460, 35.52
1461, 285.41
1462, 252.57
1463, 246.81
1464, 295.80
1465, 267.13
1466, 271.24
1467, 37.55
1468, 233.37
1469, 49.63
1470, 41.55
1471, 29.44
1472, 258.73
1473, 41.44
1474, 40.83
1475, 281.51
1476, 61.10
1477, 249.33
1478, 278.70
1479, 261.72
1480, 47.04
1481, 264.61
1482, 38.69
1483, 251.52
1484, 260.56
1485, 276.03
1486, 234.41
1487, 288.01
1488, 46.04
1489, 243.72
1490, 22.41
1491, 264.31
1492, 287.50
1493, 290.13
1494, 260.73
1495, 52.10
1496, 273.31
1497, 275.98
1498, 273.25
1499, 257.30
1500, 49.49
1501, 269.03
1502, 267.27
1503, 42.06
1504, 258.84
1505, 262.98
1506, 279.09
1507, 60.31
1508, 275.43
1509, 294.97
1510, -43.11
1511, 48.99
1512, 279.02
1513, 24.74
1514, 294.37
1515, 257.46
1516, 46.81
1517, 302.42
1518, -42.16
1519, 44.42
1520, 247.11
1521, 286.60
1522, -145.44
1523, 272.57
1524, 284.28
1525, 272.38
1526, 271.97
1527, 76.03
1528, 266.88
1529, 262.94
1530, 168.01
1531, 310.21
1532, 288.56
1533, 282.00
1534, 47.10
1535, 260.98
1536, 277.75
1537, 267.61
1538, 257.33
1539, 266.68
1540, 282.84
1541, 264.41
1542, 255.32
1543, 30.28
1544, 273.10
1545, 291.37
1546, 278.33
1547, 266.56
1548, 279.77
1549, 287.64
1550, 35.45
1551, 276.57
1552, 64.23
1553, 251.45
1554, 290.05
1555, 253.13
1556, 274.25
1557, 270.27
1558, 273.57
1559, 273.82
1560, 259.60
1561, 255.78
1562, 302.26
1563, 272.96
1564, 241.76
1565, 258.88
1566, 244.85
1567, 288.78
1568, 265.55
1569, 261.64
1570, 297.83
1571, 282.22
1572, 259.65
1573, 278.30
1574, 259.46
1575, 51.95
1576, 243.55
1577, 277.21
1578, 295.30
1579, 277.29
1580, 265.33
1581, 249.56
1582, 250.44
1583, 149.56
1584, 273.42
1585, 243.96
1586, 278.80
1587, 272.04
1588, 236.30
1589, 274.54
1590, 232.61
1591, 253.95
1592, 274.52
1593, 253.27
1594, 285.32
1595, 286.17
1596, -443.77
1597, 264.70
1598, 272.64
1599, 268.05
